{
 "cells": [
  {
   "cell_type": "markdown",
   "id": "6a86d57f",
   "metadata": {},
   "source": [
    "# Largest palindrome product"
   ]
  },
  {
   "cell_type": "code",
   "execution_count": 1,
   "id": "578b8b15",
   "metadata": {},
   "outputs": [
    {
     "data": {
      "text/plain": [
       "['9', '8', '1', '0', '1', '8']"
      ]
     },
     "execution_count": 1,
     "metadata": {},
     "output_type": "execute_result"
    }
   ],
   "source": [
    "r=list(str(999*982))\n",
    "r"
   ]
  },
  {
   "cell_type": "code",
   "execution_count": 2,
   "id": "01a4d995",
   "metadata": {
    "scrolled": true
   },
   "outputs": [
    {
     "name": "stdout",
     "output_type": "stream",
     "text": [
      "[[11, 11, 121], [11, 22, 242], [11, 33, 363], [11, 44, 484], [11, 56, 616], [11, 67, 737], [11, 78, 858], [11, 89, 979], [11, 91, 1001], [12, 21, 252], [12, 37, 444], [12, 53, 636], [12, 58, 696], [12, 69, 828], [12, 74, 888], [13, 38, 494], [13, 45, 585], [13, 52, 676], [13, 59, 767], [13, 66, 858], [13, 73, 949], [13, 77, 1001], [14, 18, 252], [14, 31, 434], [14, 44, 616], [14, 49, 686], [14, 62, 868], [15, 35, 525], [15, 37, 555], [15, 39, 585], [16, 17, 272], [16, 29, 464], [16, 41, 656], [16, 53, 848], [17, 16, 272], [17, 19, 323], [17, 35, 595], [17, 38, 646], [17, 57, 969], [18, 14, 252], [18, 23, 414], [18, 37, 666], [18, 46, 828], [19, 17, 323], [19, 26, 494], [19, 34, 646], [19, 51, 969], [19, 99, 1881], [21, 12, 252], [21, 25, 525], [21, 37, 777], [22, 11, 242], [22, 22, 484], [22, 28, 616], [22, 39, 858], [22, 91, 2002], [22, 96, 2112], [23, 18, 414], [23, 25, 575], [23, 36, 828], [23, 43, 989], [23, 77, 1771], [24, 29, 696], [24, 37, 888], [24, 88, 2112], [25, 21, 525], [25, 23, 575], [26, 19, 494], [26, 26, 676], [26, 33, 858], [26, 77, 2002], [27, 37, 999], [28, 22, 616], [28, 31, 868], [28, 99, 2772], [29, 16, 464], [29, 24, 696], [29, 88, 2552], [31, 14, 434], [31, 28, 868], [32, 66, 2112], [33, 11, 363], [33, 26, 858], [33, 37, 1221], [33, 47, 1551], [33, 57, 1881], [33, 64, 2112], [33, 74, 2442], [33, 84, 2772], [33, 91, 3003], [34, 19, 646], [34, 88, 2992], [35, 15, 525], [35, 17, 595], [36, 23, 828], [36, 77, 2772], [37, 12, 444], [37, 15, 555], [37, 18, 666], [37, 21, 777], [37, 24, 888], [37, 27, 999], [37, 33, 1221], [37, 66, 2442], [37, 99, 3663], [38, 13, 494], [38, 17, 646], [39, 15, 585], [39, 22, 858], [39, 77, 3003], [41, 16, 656], [42, 66, 2772], [43, 23, 989], [44, 11, 484], [44, 14, 616], [44, 48, 2112], [44, 53, 2332], [44, 58, 2552], [44, 63, 2772], [44, 68, 2992], [44, 91, 4004], [44, 96, 4224], [45, 13, 585], [46, 18, 828], [46, 99, 4554], [47, 33, 1551], [48, 44, 2112], [48, 88, 4224], [49, 14, 686], [49, 77, 3773], [51, 19, 969], [52, 13, 676], [52, 77, 4004], [53, 12, 636], [53, 16, 848], [53, 44, 2332], [53, 88, 4664], [55, 91, 5005], [55, 93, 5115], [55, 95, 5225], [55, 97, 5335], [55, 99, 5445], [56, 11, 616], [57, 17, 969], [57, 33, 1881], [58, 12, 696], [58, 44, 2552], [59, 13, 767], [62, 14, 868], [62, 77, 4774], [63, 44, 2772], [64, 33, 2112], [64, 66, 4224], [64, 99, 6336], [65, 77, 5005], [66, 13, 858], [66, 32, 2112], [66, 37, 2442], [66, 42, 2772], [66, 64, 4224], [66, 69, 4554], [66, 74, 4884], [66, 91, 6006], [66, 96, 6336], [67, 11, 737], [68, 44, 2992], [69, 12, 828], [69, 66, 4554], [72, 88, 6336], [73, 13, 949], [73, 99, 7227], [74, 12, 888], [74, 33, 2442], [74, 66, 4884], [75, 77, 5775], [77, 13, 1001], [77, 23, 1771], [77, 26, 2002], [77, 36, 2772], [77, 39, 3003], [77, 49, 3773], [77, 52, 4004], [77, 62, 4774], [77, 65, 5005], [77, 75, 5775], [77, 78, 6006], [77, 88, 6776], [77, 91, 7007], [78, 11, 858], [78, 77, 6006], [82, 99, 8118], [84, 33, 2772], [88, 24, 2112], [88, 29, 2552], [88, 34, 2992], [88, 48, 4224], [88, 53, 4664], [88, 72, 6336], [88, 77, 6776], [88, 91, 8008], [88, 96, 8448], [89, 11, 979], [91, 11, 1001], [91, 22, 2002], [91, 33, 3003], [91, 44, 4004], [91, 55, 5005], [91, 66, 6006], [91, 77, 7007], [91, 88, 8008], [91, 99, 9009], [93, 55, 5115], [95, 55, 5225], [96, 22, 2112], [96, 44, 4224], [96, 66, 6336], [96, 88, 8448], [97, 55, 5335], [99, 19, 1881], [99, 28, 2772], [99, 37, 3663], [99, 46, 4554], [99, 55, 5445], [99, 64, 6336], [99, 73, 7227], [99, 82, 8118], [99, 91, 9009]]\n"
     ]
    }
   ],
   "source": [
    "l=[]\n",
    "for i in range(10,100):\n",
    "    for j in range(10,100):\n",
    "        r = list(str(i*j))\n",
    "        if r[0]==r[-1] and r[1]==r[-2] and r[2]==r[-3]:\n",
    "            m=int(\"\".join(r))\n",
    "            l.append([i,j,m])\n",
    "print(l)"
   ]
  },
  {
   "cell_type": "code",
   "execution_count": 3,
   "id": "23509d53",
   "metadata": {},
   "outputs": [
    {
     "name": "stdout",
     "output_type": "stream",
     "text": [
      "99*91 = 9009\n"
     ]
    }
   ],
   "source": [
    "count = 0\n",
    "for i in range(100,10,-1):\n",
    "    for j in range(100,10,-1):\n",
    "        r = list(str(i*j))\n",
    "        if r[0]==r[-1] and r[1]==r[-2] and r[2]==r[-3]:\n",
    "            m=\"\".join(r)\n",
    "            print(f\"{i}*{j} = {m}\")\n",
    "            count += 1\n",
    "        if count > 0:\n",
    "            break"
   ]
  },
  {
   "cell_type": "code",
   "execution_count": 4,
   "id": "1da80b17",
   "metadata": {},
   "outputs": [
    {
     "name": "stdout",
     "output_type": "stream",
     "text": [
      "995*583 = 580085\n"
     ]
    }
   ],
   "source": [
    "count = 0\n",
    "for i in range(1000,100,-1):\n",
    "    for j in range(1000,100,-1):\n",
    "        r = list(str(i*j))\n",
    "        if r[0]==r[-1] and r[1]==r[-2] and r[2]==r[-3] and len(r)==6:\n",
    "            m=\"\".join(r)\n",
    "            print(f\"{i}*{j} = {m}\")\n",
    "            count += 1\n",
    "        if count > 0:\n",
    "            break"
   ]
  },
  {
   "cell_type": "code",
   "execution_count": 5,
   "id": "b1f8ae09",
   "metadata": {},
   "outputs": [
    {
     "name": "stdout",
     "output_type": "stream",
     "text": [
      "['906609']\n"
     ]
    }
   ],
   "source": [
    "l=[]\n",
    "for i in range(100,1000):\n",
    "    for j in range(100,1000):\n",
    "        r = list(str(i*j))\n",
    "        if r[0]==r[-1] and r[1]==r[-2] and r[2]==r[-3] and len(r)==6:\n",
    "            m=\"\".join(r)\n",
    "            l.append([m])\n",
    "print(max(l))"
   ]
  }
 ],
 "metadata": {
  "kernelspec": {
   "display_name": "Python 3 (ipykernel)",
   "language": "python",
   "name": "python3"
  },
  "language_info": {
   "codemirror_mode": {
    "name": "ipython",
    "version": 3
   },
   "file_extension": ".py",
   "mimetype": "text/x-python",
   "name": "python",
   "nbconvert_exporter": "python",
   "pygments_lexer": "ipython3",
   "version": "3.10.2"
  }
 },
 "nbformat": 4,
 "nbformat_minor": 5
}
